-0.163958
0.0235403
-0.604627
0.340985
0.677575
0.313073
0.506927
0.736876
-0.316123
-0.0190925
-0.323066
-0.734116
0.650497
0.297048
0.953628
0.12306
0.194759
0.0964415
0.0273325
-0.189411
0.771389
0.888349
-0.00391558
-0.502846
-0.811856
0.465723
0.631262
-0.122678
0.621429
-0.985414
-0.856794
0.53091
0.131929
-0.276603
0.446851
-0.217633
-0.31977
-0.107565
0.927343
-0.939856
0.642446
0.543168
-0.294332
-0.243929
-0.174157
0.527632
-0.59572
0.584733
0.984466
-0.862195
0.412718
-0.557157
-0.165241
-0.785021
0.653241
-0.231382
0.571197
0.759139
0.846443
-0.598845
-0.118096
-0.961663
-0.723113
-0.0601973
0.464284
-0.801936
0.0587229
0.603541
0.0406425
-0.629369
0.901317
0.590351
-0.126189
0.284536
0.374875
-0.0634032
0.782776
-0.626152
0.676067
0.876392
0.658298
-0.612427
-0.106346
-0.299017
-0.521457
-0.500962
-0.225889
-0.881884
-0.175297
0.915257
0.987253
-0.88858
0.896622
0.986313
-0.10814
0.299776
0.028421
-0.18527
0.801301
-0.203307
