0.612502
-0.756782
-0.923362
-0.819087
-0.980558
-0.803348
0.40289
0.426375
-0.975499
0.593087
0.459227
0.03762
-0.662711
0.100962
0.0829443
0.733138
-0.760806
0.203661
-0.496573
-0.211452
-0.400995
0.308885
0.107777
-0.604027
-0.611461
0.358023
-0.293568
-0.476583
-0.301734
0.935534
-0.701202
-0.725864
-0.747067
-0.121684
-0.66113
0.746013
-0.572813
-0.614916
-0.499143
-0.609061
0.761207
-0.374255
-0.0551905
0.874182
0.97632
0.850772
0.0822406
0.433763
0.490632
0.000579251
0.841755
0.739833
-0.565347
-0.185102
0.434671
0.254047
0.166917
0.44215
-0.379351
0.0889375
-0.710387
-0.451176
0.473311
-0.632707
-0.835793
0.92885
0.645871
-0.91847
0.927065
-0.387025
-0.863242
0.453068
-0.994916
-0.521864
-0.444761
-0.208293
-0.868689
-0.643162
0.887048
-0.145
-0.13943
-0.353473
-0.239992
-0.292372
-0.414911
-0.581036
0.209656
-0.919222
-0.949877
0.0296025
0.94487
-0.768485
-0.630423
-0.773037
0.113492
0.302156
-0.458363
-0.237993
-0.432046
-0.820349
