0.213149
0.542415
-0.408507
-0.967117
0.851947
-0.965133
-0.147029
0.209696
0.81982
0.524517
-0.213571
0.783053
-0.626745
-0.492068
-0.973963
-0.95043
0.840513
-0.203379
-0.901945
-0.637009
-0.362741
-0.373592
-0.813541
0.493564
0.782186
-0.73319
-0.601437
0.487418
-0.0873625
-0.869593
-0.469352
0.0259318
0.800235
0.382225
-0.666417
0.285117
0.366504
0.049104
0.278453
-0.705012
-0.801506
0.629075
0.822183
0.798937
-0.435591
0.200736
-0.826839
-0.38689
0.929231
-0.967374
-0.443134
-0.514215
0.970343
0.692602
-0.0185064
-0.54326
0.0931565
-0.34279
-0.496424
0.716634
-0.553267
-0.578935
0.993613
-0.0336205
0.439415
-0.893779
-0.598307
-0.723482
-0.245557
0.571551
-0.476881
0.446594
-0.134411
0.0221153
-0.735967
-0.135467
-0.947226
0.118545
0.407046
-0.133988
0.9177
0.58641
0.876853
0.593839
-0.600533
-0.674402
0.505868
0.357324
-0.709795
0.0196876
0.299843
0.491657
0.250696
0.245323
-0.796504
0.717282
0.326
0.0815908
0.366134
0.999272
