0.903244
0.632264
-0.828546
0.206773
-0.432438
-0.0726188
-0.455244
0.493503
-0.280109
0.488496
-0.43462
0.66042
0.437029
0.554362
0.0628077
0.371326
0.617552
0.928676
0.508613
0.597154
-0.00256393
0.089449
0.782083
-0.0246611
-0.334314
-0.201615
0.435845
-0.330803
0.0799585
-0.789746
-0.538508
0.727296
0.582188
-0.517733
0.555207
-0.0571667
0.414211
0.883452
0.883385
0.213011
-0.766609
0.404028
-0.651735
-0.60159
-0.871755
-0.13522
-0.646453
-0.317636
0.134066
0.526436
-0.929976
-0.569664
-0.75145
0.199039
-0.798798
-0.450707
0.947421
0.851323
0.248927
0.347083
-0.799947
0.720089
-0.720989
0.891803
0.9851
0.919581
0.186854
0.871185
-0.693882
0.550857
-0.536928
0.951959
-0.292812
0.311168
-0.540878
-0.360762
0.288546
0.603329
-0.847077
0.635888
-0.777795
0.145101
0.414485
0.701903
-0.232422
-0.921444
-0.228465
0.0137813
0.787108
0.579461
-0.324863
-0.9761
0.761889
0.966649
-0.734678
-0.180109
-0.692707
0.311393
0.636708
-0.0159854
