-0.450366
-0.457415
0.074859
0.572939
-0.803451
-0.322202
0.937229
0.666928
-0.438788
0.780912
-0.983501
-0.778087
-0.287392
0.0359952
0.759342
0.222012
-0.2085
-0.0579452
0.504517
-0.291533
0.0260513
-0.577584
0.248499
0.139028
-0.752545
-0.565906
0.911104
-0.752678
0.905556
-0.922829
-0.898889
-0.597769
0.584474
0.204173
-0.618109
-0.532737
-0.981765
0.529437
0.0370269
-0.840066
0.60639
-0.761503
0.335944
-0.0888636
-0.570358
-0.902549
-0.700468
0.224517
0.765472
-0.937663
-0.0342306
-0.464149
0.103764
-0.611489
-0.84465
0.572419
-0.337571
-0.759978
0.737309
0.212379
0.40303
0.798982
0.394643
0.844143
-0.453593
-0.125054
-0.110058
0.225754
-0.411696
-0.985714
0.831009
-0.155745
0.814989
-0.890435
-0.0635136
-0.224927
-0.681114
-0.491088
-0.198517
0.0413835
0.514194
0.625398
-0.836803
0.473495
0.152516
-0.95359
0.666541
-0.931782
0.838482
-0.856974
0.129767
0.848242
0.0453721
-0.820608
-0.689908
-0.778489
-0.369253
-0.0779074
0.169325
-0.159402
